############## 2003YE45 5/10/15/20/25/30/35/40
NOAO/IRAF V2.16 tatianecorrea@lenovo Thu 14:17:28 13-Feb-2020

          Image  Column    Line     Mag    FWHM   Ellip      PA SAT
2003YE45_90s_b2  451.81   80.18    2.48   4.452    0.19     -62
                 361.15   98.72    0.06   4.612    0.03      81
                 434.17  114.04    3.80   4.388    0.11      73
                 449.72  169.41    2.39   4.488    0.07      80
                 470.45  235.44    2.86   4.648    0.13     -27
                 445.81  422.98    2.11   4.808    0.01     -10
                 306.36  421.76    2.92   4.688    0.08     -12
                 196.50  474.77    1.92   4.568    0.09     -30
                 149.56  411.26    1.46   4.540    0.03      19
                 149.56  411.26    1.46   4.540    0.03      19
                  31.22  452.29    3.26   4.640    0.14      30
                 141.15  379.86    2.12   4.628    0.11      46
                 149.56  411.26    1.46   4.540    0.03      19
                 140.68  361.82    3.03   4.868    0.16     -73
                 108.15  239.21    3.51   4.740    0.10      28
                  30.67  144.49    1.45   4.408    0.17      76
                  59.73   66.41    2.56   4.688    0.02     -60
                 154.39  118.22    2.05   4.568    0.05     -39
                 137.02  159.52    2.00   4.556    0.03     -86
                 184.75  155.39    2.37   4.516    0.07      29
                 198.99   89.35    1.14   4.544    0.10     -15
                 316.88  308.18    2.67   4.748    0.04     -57
                 316.88  308.18    2.67   4.748    0.04     -57
                 359.13  332.78    0.00   4.628    0.07      56
                 362.67  295.19    3.35   4.700    0.13      26
                 376.30  225.40    2.20   4.652    0.09      31
                 316.88  308.18    2.67   4.748    0.04     -57

  Average full width at half maximum (FWHM) of 4.5977
NOAO/IRAF V2.16 tatianecorrea@lenovo Thu 14:22:17 13-Feb-2020

          Image  Column    Line     Mag    FWHM   Ellip      PA SAT
2003YE45_90s_b2  363.78   99.90    0.31   4.436    0.04      51
                 393.34   69.92    4.08   4.584    0.05      82
                 364.63   99.89    0.31   4.236    0.07      10
                 399.96  146.53    3.36   4.680    0.05      10
                 452.20  170.51    2.67   4.472    0.13      69
                 473.04  236.50    3.08   4.348    0.17     -54
                 448.32  424.06    2.40   4.484    0.02       7
                 363.78   99.90    0.31   4.436    0.04      51
                 364.63   99.89    0.31   4.236    0.07      10
                 361.56   34.64    2.41   4.232    0.20     -79
                 201.65   90.53    1.39   4.300    0.07      53
                 157.11  119.37    2.29   4.260    0.11     -32
                 157.11  119.37    2.29   4.260    0.11     -32
                 187.43  156.46    2.64   4.392    0.15      64
                 139.64  160.59    2.20   4.400    0.05      10
                  62.37   67.44    2.88   4.248    0.03     -59
                  33.34  145.60    1.70   4.192    0.09      65
                  69.17  153.70    2.53   4.356    0.15      43
                  15.26  188.70    3.21   4.288    0.07      61
                  80.78  237.06    3.59   4.488    0.11      32
                 110.95  240.23    3.52   4.352    0.19       4
                 143.77  381.02    2.43   4.416    0.10      70
                 152.09  412.34    1.69   4.408    0.02      28
                  33.42  453.29    3.47   4.444    0.16      22
                  33.42  453.29    3.47   4.444    0.16      22
                  33.51  495.56    3.49   4.344    0.07     -35
                 199.01  475.83    2.17   4.448    0.07      33
                 152.09  412.34    1.69   4.408    0.02      28
                 143.77  381.02    2.43   4.416    0.10      70
                 224.90  350.37    0.00   4.444    0.03       3
                 259.51  370.28    2.85   4.480    0.09      22
                 277.76  406.12    3.80   4.468    0.14      34
                 308.82  422.91    3.16   4.644    0.02      25
                 199.01  475.83    2.17   4.448    0.07      33
                 448.32  424.06    2.40   4.484    0.02       7
                 361.64  333.87    0.23   4.544    0.10      60
                 361.64  333.87    0.12   4.548    0.13      81
                 319.48  309.28    2.78   4.524    0.07     -75
                 452.20  170.51    2.67   4.472    0.13      69
                 363.78   99.90    0.31   4.432    0.03      47
                 363.78   99.90    0.31   4.436    0.04      51

  Average full width at half maximum (FWHM) of 4.4103
NOAO/IRAF V2.16 tatianecorrea@lenovo Thu 14:26:04 13-Feb-2020

          Image  Column    Line     Mag    FWHM   Ellip      PA SAT
2003YE45_90s_b2  456.00   82.33    2.46   4.292    0.16     -68
                 365.39  100.93    0.06   4.420    0.01      50
                 401.37  147.43    3.24   4.552    0.14      80
                 453.73  171.55    2.50   4.400    0.13      81
                 492.31  135.81    3.45   4.568    0.10     -67
                 474.64  237.53    2.87   4.292    0.16     -65
                 449.88  425.25    2.14   4.416    0.05      86
                 423.43  281.68    3.63   4.560    0.10     -67
                 367.19  297.42    3.40   4.528    0.12      46
                 363.24  334.96    0.00   4.472    0.07      65
                 363.24  334.96    0.00   4.468    0.05      67
                 310.32  424.00    2.92   4.596    0.07     -82
                 279.40  407.25    3.73   4.396    0.14      18
                 292.15  453.42    3.75   4.388    0.09     -68
                 220.95  429.24    2.26   4.308    0.14     -63
                 220.97  429.23    2.15   4.292    0.12     -78
                 200.58  477.00    1.98   4.272    0.12     -87
                 153.63  413.41    1.47   4.212    0.03     -14
                 145.24  382.08    2.20   4.336    0.16      53
                 188.98  157.51    2.37   4.328    0.10      62
                 141.20  161.59    1.98   4.328    0.01      49
                  70.72  154.75    2.30   4.092    0.08      36
                  34.81  146.61    1.45   4.136    0.06      88
                  16.67  189.63    2.95   4.404    0.05      50
                  34.97  454.30    3.47   4.156    0.09      29
                  35.14  496.69    3.42   3.820    0.08       2
                  16.67  189.63    2.95   4.404    0.05      50
                  34.81  146.61    1.45   4.136    0.06      88
                  70.72  154.75    2.30   4.092    0.08      36
                  63.81   68.39    2.57   4.256    0.09     -18
                 203.24   91.52    1.17   4.264    0.16      80

  Average full width at half maximum (FWHM) of 4.3598
NOAO/IRAF V2.16 tatianecorrea@lenovo Thu 14:29:18 13-Feb-2020

          Image  Column    Line     Mag    FWHM   Ellip      PA SAT
2003YE45_90s_b2  365.94   37.38    2.30   4.288    0.03      74
                 368.10  102.59    0.30   4.340    0.03      30
                 404.27  149.13    3.39   4.264    0.11      86
                 494.90  137.58    3.56   4.376    0.04     -82
                 456.53  173.26    2.62   4.312    0.02      71
                 456.53  173.26    2.62   4.312    0.02      71
                 477.24  239.21    3.12   4.420    0.04      89
                 452.49  426.85    2.31   4.436    0.09     -83
                 411.24  419.61    4.12   4.508    0.21      21
                 365.90  336.56    0.23   4.304    0.09      51
                 365.89  336.56    0.23   4.304    0.11      47
                 370.01  299.06    3.44   4.380    0.10      60
                 323.72  311.96    2.78   4.260    0.15     -80
                 304.30  396.07    3.26   4.664    0.08      52
                 313.08  425.55    3.25   4.228    0.05      20
                 203.30  478.55    2.10   4.208    0.03     -61
                 223.75  430.87    2.49   4.200    0.18     -62
                 263.76  372.95    2.94   4.292    0.01     -28
                 229.19  353.03    0.00   4.328    0.05       8
                 156.39  415.03    1.68   4.084    0.02      42
                  37.27  455.77    3.60   4.164    0.11      64
                  76.27  323.22    3.08   4.080    0.16     -86
                  84.57  239.61    3.60   4.352    0.06      10
                  19.56  191.33    3.15   4.072    0.06     -76
                  73.38  156.38    2.62   4.052    0.18      52
                  66.64   70.05    2.85   4.124    0.06       4
                 143.97  163.23    2.16   4.084    0.07     -17
                 191.75  159.18    2.75   4.188    0.11      69
                 177.89  210.63    3.88   4.536    0.07     -42
                 205.97   93.17    1.39   4.104    0.07      85
                 285.49  243.47    2.94   4.224    0.08     -69
                 323.72  311.96    2.78   4.260    0.15     -80
                 383.03  229.39    2.54   4.468    0.17      26
                 368.10  102.59    0.30   4.340    0.03      30
                 365.94   37.38    2.30   4.288    0.03      74

  Average full width at half maximum (FWHM) of 4.2893
NOAO/IRAF V2.16 tatianecorrea@lenovo Thu 14:33:17 13-Feb-2020

          Image  Column    Line     Mag    FWHM   Ellip      PA SAT
2003YE45_90s_b2  369.13   41.25    2.31   3.904    0.09      42
                 371.27  106.49    0.30   3.906    0.03      37
                 407.33  153.08    3.42   4.008    0.10      84
                 498.19  141.52    3.59   4.088    0.13      36
                 446.55  150.85    3.90   3.760    0.18      37
                 459.74  177.16    2.67   3.850    0.16      11
                 480.45  243.07    3.25   3.922    0.04      27
                 501.60  305.37    0.25   4.060    0.03      24
                 455.64  430.61    2.32   4.080    0.04      66
                 414.27  423.20    3.82   3.940    0.13      35
                 375.18  369.10    4.07   4.104    0.10     -60
                 369.07  340.40    0.23   3.928    0.07      45
                 369.06  340.40    0.23   3.930    0.08      44
                 326.84  315.80    2.83   4.200    0.03      86
                 325.35  293.92    3.42   3.940    0.03      16
                 327.41  252.41    4.11   3.762    0.01     -13
                 288.53  247.21    2.83   4.004    0.10      17
                 386.13  232.96    2.48   4.160    0.17      20
                 288.53  247.21    2.83   4.004    0.10      17
                 268.96  277.73    1.97   3.986    0.17      58
                 277.17  294.57    3.69   4.052    0.16      33
                 224.79  268.25    4.45   3.810    0.06      30
                 241.90  236.55    4.20   3.930    0.13      15
                 232.28  356.80    0.00   3.994    0.03      35
                 266.93  376.72    2.88   3.706    0.15      39
                 308.46  400.56    3.00   4.024    0.11      57
                 285.28  412.94    3.73   4.172    0.01      60
                 316.14  429.35    3.24   3.870    0.06      50
                 206.34  482.34    2.16   3.912    0.04      88
                 159.46  418.79    1.71   3.830    0.06      48
                 151.17  387.39    2.32   3.884    0.17      44
                 150.79  369.02    3.43   3.918    0.17     -61
                  79.44  327.05    3.05   3.850    0.04     -77
                  12.41  423.52    3.79   3.786    0.03     -47
                  87.36  242.93    3.67   3.972    0.09     -47
                 194.85  163.04    2.62   3.824    0.11      41
                 103.03  103.66    4.02   3.742    0.18      86
                 209.14   97.04    1.38   3.802    0.08      77

  Average full width at half maximum (FWHM) of 3.9505
NOAO/IRAF V2.16 tatianecorrea@lenovo Thu 14:37:30 13-Feb-2020

          Image  Column    Line     Mag    FWHM   Ellip      PA SAT
2003YE45_90s_b2  444.71   11.24    1.88   4.040    0.08     -61
                 501.55  144.47    3.97   3.972    0.06      20
                 462.98  180.17    2.63   4.268    0.08     -77
                 483.64  246.22    3.20   4.344    0.11      59
                 458.83  433.66    2.35   4.060    0.05      10
                 372.31  343.40    0.26   4.104    0.10      56
                 389.52  236.06    2.54   4.104    0.11      52
                 415.58  211.35    4.10   3.902    0.14     -52
                 374.61  109.51    0.30   4.132    0.03      47
                 444.71   11.24    1.88   4.040    0.08     -61
                 212.50  100.23    1.40   3.910    0.03      34
                 150.52  170.13    2.18   3.866    0.10      87
                 198.24  166.15    2.66   4.080    0.05      27
                 184.28  216.96    3.86   3.818    0.07       4
                 121.43  249.42    3.45   4.236    0.05      50
                 184.28  216.96    3.86   3.818    0.07       4
                 209.57  485.38    2.18   3.938    0.01     -63
                 153.87  371.92    3.69   3.972    0.07       6
                 235.55  359.79    0.00   4.084    0.03      53
                 270.14  379.73    2.75   4.168    0.04      44
                 311.76  403.58    3.09   3.976    0.03     -31
                 288.53  415.76    3.75   3.990    0.06     -81
                 319.42  432.40    3.26   3.982    0.06      64
                 285.81  458.50    4.01   4.196    0.07      46
                 209.57  485.38    2.18   3.938    0.01     -63
                 458.83  433.66    2.35   4.060    0.05      10
                 372.31  343.40    0.26   4.104    0.10      56
                 272.30  280.79    1.96   4.148    0.05      45
                 291.83  250.34    2.90   4.112    0.11       7
                 228.49  271.35    3.79   3.866    0.04     -25
                 184.28  216.96    3.86   3.818    0.07       4

  Average full width at half maximum (FWHM) of 4.0728

NOAO/IRAF V2.16 tatianecorrea@lenovo Thu 14:43:36 13-Feb-2020

          Image  Column    Line     Mag    FWHM   Ellip      PA SAT
2003YE45_90s_b2  448.67   15.35    1.89   3.964    0.08      85
                 376.45   48.54    2.34   3.998    0.11      39
                 378.55  113.75    0.30   4.160    0.04      46
                 414.68  160.24    3.72   3.688    0.05     -18
                 466.85  184.28    2.70   4.056    0.09     -50
                 462.66  437.80    2.31   4.164    0.09       0
                 332.36  301.06    3.30   4.208    0.04     -72
                 295.80  254.32    2.94   4.196    0.08      62
                 276.19  284.90    1.98   3.902    0.05      -9
                 239.44  363.94    0.00   4.180    0.06      49
                 274.01  383.92    2.77   4.032    0.08      70
                 315.60  407.61    2.98   4.048    0.06     -38
                 213.54  489.36    2.17   3.982    0.02      10
                 233.88  441.71    2.27   4.076    0.09     -63
                 166.67  425.87    1.65   4.008    0.08      58
                 157.77  375.98    3.51   4.072    0.08     -58
                 276.19  284.90    1.98   3.902    0.05      -9
                 295.80  254.32    2.94   4.196    0.08      62
                 202.14  170.24    2.69   4.096    0.09      41
                 154.49  174.40    2.20   3.924    0.04      44
                 171.83  133.19    2.35   3.882    0.12     -27
                  83.86  167.47    2.58   3.868    0.11      62
                  48.03  159.33    1.72   3.774    0.03      54
                  29.98  202.48    3.37   4.124    0.05     -78

  Average full width at half maximum (FWHM) of 4.0638
NOAO/IRAF V2.16 tatianecorrea@lenovo Thu 14:47:18 13-Feb-2020

          Image  Column    Line     Mag    FWHM   Ellip      PA SAT
2003YE45_90s_b2  455.34   20.22    1.63   3.128    0.04      24
                 383.09   53.33    2.15   3.046    0.16      43
                 385.11  118.42    0.05   3.218    0.07      43
                 473.55  189.10    2.46   3.182    0.06     -77
                 494.78  254.75    3.08   3.346    0.17      80
                 382.79  352.48    0.00   3.188    0.07      61
                 382.77  352.48    0.00   3.182    0.08      60
                 340.64  327.80    2.62   3.214    0.07     -28
                 386.71  315.14    3.54   3.398    0.18      68
                 339.15  306.09    3.16   3.082    0.09      77
                 349.31  211.34    3.87   3.252    0.11      17
                 385.11  118.42    0.05   3.218    0.07      43
                 383.09   53.33    2.15   3.046    0.16      43
                 223.06  109.02    1.16   3.088    0.08      47
                 208.75  174.95    2.45   3.178    0.17     -84
                 161.04  179.01    1.99   3.076    0.23      36
                  90.52  172.14    2.44   3.120    0.01      37
                  54.75  164.01    1.47   3.118    0.12      55
                  83.86   85.79    2.66   3.020    0.11      43
                  31.58   26.47    3.00   3.126    0.22      64
                 101.50  254.87    3.89   3.160    0.16       4
                 101.50  254.87    3.89   3.160    0.16       4
                  93.24  339.03    2.91   3.140    0.09     -45
                 164.43  380.88    3.46   3.150    0.18     -71
                 173.15  430.77    1.42   3.038    0.06      33
                 280.52  388.85    2.60   3.148    0.11      68
                 322.15  412.69    2.77   3.216    0.02     -31

  Average full width at half maximum (FWHM) of 3.1678
