NOAO/IRAF V2.16 tatianecorrea@lenovo Wed 14:39:31 13-May-2020

          Image  Column    Line     Mag    FWHM   Ellip      PA SAT
1998NU_40s_b2x2  460.90  260.08    1.53   1.839    0.18     -60
                 354.21   90.73    0.69   1.987    0.14     -73
                 241.12  122.93    1.26   1.892    0.18     -70
                 219.15  269.66    1.15   1.979    0.20     -57
                 300.10  416.28    0.00   1.946    0.06     -54
                 284.40  425.82    0.28   2.040    0.11     -39

  Average full width at half maximum (FWHM) of 1.9656
NOAO/IRAF V2.16 tatianecorrea@lenovo Wed 14:41:45 13-May-2020

          Image  Column    Line     Mag    FWHM   Ellip      PA SAT
1998NU_40s_b2x2  349.87  113.10    0.70   1.780    0.22     -60
                 426.82  324.03    1.74   1.771    0.21     -40
                 292.27  350.76    0.09   1.889    0.17     -51
                 295.84  438.89    0.00   1.888    0.16     -58
                 280.11  448.33    0.27   1.911    0.16     -57
                 165.05  441.34    2.62   1.851    0.24     -77

  Average full width at half maximum (FWHM) of 1.8695
NOAO/IRAF V2.16 tatianecorrea@lenovo Wed 14:43:40 13-May-2020

          Image  Column    Line     Mag    FWHM   Ellip      PA SAT
1998NU_40s_b2x2  422.00  132.22    0.68   2.132    0.02      40
                 364.32  370.04    0.10   2.152    0.03     -48
                 367.90  458.19    0.00   2.156    0.06     -59
                 352.17  467.67    0.28   2.190    0.07     -68
                 286.85  311.33    1.14   2.192    0.10      86
                 315.04  207.94    1.32   2.094    0.14     -51
                 104.66  203.22    2.20   2.192    0.17     -24
                   8.44  171.99    0.32   2.148    0.06     -60
                 248.03  406.53    3.05   2.122    0.17      28
                 352.17  467.67    0.28   2.190    0.07     -68
                 367.90  458.19    0.00   2.156    0.06     -59

  Average full width at half maximum (FWHM) of 2.1602
NOAO/IRAF V2.16 tatianecorrea@lenovo Wed 14:45:33 13-May-2020

          Image  Column    Line     Mag    FWHM   Ellip      PA SAT
1998NU_40s_b2x2  501.49  343.83    1.71   2.042    0.17      -1
                 419.54  224.99    2.60   1.936    0.06      68
                 424.15  132.90    0.69   1.910    0.07     -17
                 370.61   95.88    2.16   1.928    0.18     -57
                 315.26  173.21    2.29   2.006    0.03     -68
                 279.12  286.72    2.82   2.000    0.12      37
                 289.38  312.09    1.13   2.070    0.13     -16
                 352.98  319.35    2.69   1.995    0.07     -11
                 366.96  370.71    0.09   1.986    0.10     -23
                 370.62  458.87    0.00   1.987    0.08     -29
                 354.96  468.31    0.27   1.989    0.08     -27
                 107.11  204.28    2.22   1.983    0.20      21

  Average full width at half maximum (FWHM) of 1.9850
NOAO/IRAF V2.16 tatianecorrea@lenovo Wed 14:47:34 13-May-2020

          Image  Column    Line     Mag    FWHM   Ellip      PA SAT
1998NU_40s_b2x2  481.57  283.46    2.15   1.814    0.16     -87
                 503.77  331.75    1.67   1.653    0.12     -45
                 421.62  213.11    2.56   1.714    0.09     -34
                 333.72  166.35    2.53   1.721    0.18     -81
                 325.95  249.49    1.14   1.744    0.10     -20
                 281.29  275.14    2.84   1.670    0.12     -51
                 369.29  358.95    0.05   1.718    0.06     -49
                 373.08  447.06    0.00   1.823    0.04     -58
                 357.39  456.62    0.22   1.852    0.09     -52
                 188.02  363.73    2.31   1.837    0.18      24
                  12.82  162.01    0.27   1.659    0.07     -39

  Average full width at half maximum (FWHM) of 1.7584
NOAO/IRAF V2.16 tatianecorrea@lenovo Wed 14:48:41 13-May-2020

          Image  Column    Line     Mag    FWHM   Ellip      PA SAT
1998NU_40s_b2x2  464.51  289.17    2.21   1.734    0.16     -19
                 483.62  338.79    1.72   1.730    0.13      73
                 324.43  162.83    2.44   1.799    0.19      24
                  98.55  175.22    2.24   1.798    0.17      51
                 273.89  294.10    1.15   1.617    0.07     -53
                 313.62  272.98    1.24   1.701    0.06     -68
                 313.62  272.98    1.24   1.701    0.06     -68
                 300.46  335.96    1.89   1.707    0.12     -56
                 347.68  357.37    0.09   1.780    0.03     -89
                 345.92  445.62    0.00   1.695    0.02      35
                 329.68  454.12    0.28   1.690    0.03      62
                  67.89  494.70    0.91   1.715    0.03      57

  Average full width at half maximum (FWHM) of 1.7153
NOAO/IRAF V2.16 tatianecorrea@lenovo Wed 14:50:01 13-May-2020

          Image  Column    Line     Mag    FWHM   Ellip      PA SAT
1998NU_40s_b2x2  401.78  119.66    0.66   1.946    0.15     -34
                 350.60   79.23    2.14   1.963    0.18     -72
                 329.79  353.46    0.08   1.961    0.03     -17
                 298.80  296.72    1.21   1.908    0.14     -56
                 327.93  441.71    0.00   1.909    0.08     -28
                 311.70  450.14    0.27   1.914    0.03      67

  Average full width at half maximum (FWHM) of 1.9304
NOAO/IRAF V2.16 tatianecorrea@lenovo Wed 14:51:32 13-May-2020

          Image  Column    Line     Mag    FWHM   Ellip      PA SAT
1998NU_40s_b2x2  377.97  124.22    0.70   2.268    0.04      20
                 473.59  300.05    1.53   2.284    0.18      26
                 422.54  289.93    2.20   2.338    0.21     -87
                 441.46  339.57    1.72   2.426    0.03     -83
                 472.40  355.84    2.42   2.366    0.05     -62
                 278.81  328.73    1.28   2.412    0.07     -11
                 305.61  357.82    0.09   2.376    0.03      35
                 303.60  446.02    0.00   2.352    0.05     -15
                 287.39  454.46    0.29   2.412    0.06      24
                 124.45  350.60    2.39   2.478    0.07      41
                 187.21  386.85    2.94   2.444    0.13     -14
                  25.38  494.42    0.92   2.410    0.09      19

  Average full width at half maximum (FWHM) of 2.3700
NOAO/IRAF V2.16 tatianecorrea@lenovo Wed 14:52:54 13-May-2020

          Image  Column    Line     Mag    FWHM   Ellip      PA SAT
1998NU_40s_b2x2  365.61  129.10    2.73   2.308    0.15     -79
                 341.96  176.97    0.64   2.326    0.08     -20
                 405.46  271.25    0.00   2.408    0.04     -18
                 293.14  362.67    2.16   2.322    0.09      -6

  Average full width at half maximum (FWHM) of 2.3712
