########### 2003YE45 45/90/135
NOAO/IRAF V2.16 tatianecorrea@lenovo Sat 19:12:22 15-Feb-2020

          Image  Column    Line     Mag    FWHM   Ellip      PA SAT
2003YE45_50s_b2  411.64  104.23    0.65   2.210    0.02     -24
                 401.18  177.17    0.45   2.096    0.02      15
                 325.33  286.36    0.00   2.250    0.04       1
                 325.33  286.36    0.00   2.250    0.04       1
                 338.92  313.06    0.05   2.106    0.04      29
                 401.18  177.17    0.45   2.096    0.02      15
                 256.86  128.51    1.01   2.252    0.02     -45
                 159.77   71.01    1.29   2.106    0.06     -76
                  25.65   39.14    1.52   2.142    0.04      25
                  42.29  200.94    0.21   2.116    0.04      42
                  79.50  207.73    0.29   2.206    0.08      24
                 173.59  380.70    1.33   2.222    0.04     -57
                 309.80  420.03    0.49   2.162    0.09     -11

  Average full width at half maximum (FWHM) of 2.1727
NOAO/IRAF V2.16 tatianecorrea@lenovo Sat 19:14:39 15-Feb-2020

          Image  Column    Line     Mag    FWHM   Ellip      PA SAT
2003YE45_50s_b2  476.75   35.80    1.02   2.336    0.04     -89
                 380.70  130.81    0.68   2.322    0.08      63
                 370.24  203.57    0.46   2.478    0.08      69
                 380.67  446.70    1.91   2.612    0.03     -27
                 307.66  339.41    0.01   2.506    0.03      72
                 294.17  312.62    0.00   2.498    0.01      43
                 370.24  203.57    0.46   2.478    0.08      69
                 126.76   62.86    1.36   2.348    0.12      83
                  11.30  226.68    0.28   2.424    0.09      48
                  48.48  233.59    0.27   2.518    0.11      45
                 278.36  446.25    0.47   2.482    0.03      37
                 380.67  446.70    1.91   2.612    0.03     -27

  Average full width at half maximum (FWHM) of 2.4653
NOAO/IRAF V2.16 tatianecorrea@lenovo Sat 19:17:30 15-Feb-2020

          Image  Column    Line     Mag    FWHM   Ellip      PA SAT
2003YE45_50s_b2  482.39   36.06    1.30   2.518    0.04      -1
                 478.08   53.81    1.00   2.444    0.11      55
                 422.40   18.53    2.21   2.530    0.04      77
                 381.88  148.63    0.65   2.424    0.07      55
                 371.30  221.43    0.43   2.570    0.10      19
                 215.75   46.76    3.31   2.338    0.06      37
                  12.38  244.24    0.22   2.586    0.09      68
                  49.52  251.16    0.23   2.526    0.09      79
                 279.03  463.90    0.48   2.602    0.12      78
                 308.53  357.11    0.05   2.610    0.08      71
                 295.05  330.26    0.00   2.562    0.05     -41
                 349.36  306.30    1.52   2.608    0.14      86

  Average full width at half maximum (FWHM) of 2.5511
