################ 2003CP20 10/20/30
NOAO/IRAF V2.16 tatianecorrea@lenovo Sat 18:55:07 15-Feb-2020

          Image  Column    Line     Mag    FWHM   Ellip      PA SAT
2003CP20_50s_b2  445.22  187.77    3.47   2.726    0.11       7
                 420.74  162.48    3.19   2.874    0.14      28
                 197.28  118.84    0.83   2.830    0.14      40
                 156.48   43.73    0.68   2.794    0.13      57
                  61.34   71.99    0.51   2.752    0.06      85
                 113.61  153.12    0.07   2.848    0.08     -18
                 144.09  170.53    0.00   2.868    0.04     -20
                 201.37  230.74    0.40   2.894    0.05     -15
                 470.62  318.76    2.68   2.800    0.19      78
                 329.25  399.70    1.09   2.860    0.04      -4
                 113.61  153.12    0.07   2.848    0.08     -18
                 144.09  170.53    0.00   2.868    0.04     -20
                 201.37  230.74    0.40   2.894    0.05     -15
                 119.32  202.37    2.95   2.776    0.16      75
                 197.28  118.84    0.83   2.830    0.14      40
                 156.48   43.73    0.68   2.794    0.13      57

  Average full width at half maximum (FWHM) of 2.8435
NOAO/IRAF V2.16 tatianecorrea@lenovo Sat 19:07:34 15-Feb-2020

          Image  Column    Line     Mag    FWHM   Ellip      PA SAT
2003CP20_50s_b2  339.77   74.91    1.32   2.646    0.10      83
                 386.74  140.65    1.32   2.728    0.04     -89
                 332.18  395.22    1.15   2.680    0.09     -62
                 386.74  140.65    1.32   2.728    0.04     -89
                 386.73  140.63    1.31   2.726    0.04      18
                 339.77   74.91    1.32   2.646    0.10      83
                 200.26  114.41    0.81   2.630    0.03      33
                 147.09  166.13    0.00   2.596    0.08     -72
                 204.35  226.30    0.39   2.688    0.15      81

  Average full width at half maximum (FWHM) of 2.6601
NOAO/IRAF V2.16 tatianecorrea@lenovo Sat 19:09:04 15-Feb-2020

          Image  Column    Line     Mag    FWHM   Ellip      PA SAT
2003CP20_50s_b2  390.24  137.67    1.41   2.366    0.13      25
                 477.11  311.22    2.71   2.392    0.11     -80
                 335.69  392.22    1.08   2.426    0.16     -34
                 203.65  111.36    0.87   2.424    0.14      81
                 203.65  111.36    0.87   2.424    0.14      81
                 119.89  145.53    0.08   2.336    0.05      86
                 150.47  162.97    0.00   2.406    0.07      69
                  67.63   64.39    0.51   2.422    0.12      78
                 203.65  111.36    0.87   2.424    0.14      81

  Average full width at half maximum (FWHM) of 2.3984
