################### A10BMLZ 20/40/60
NOAO/IRAF V2.16 tatianecorrea@lenovo Sun 14:43:17 16-Feb-2020

          Image  Column    Line     Mag    FWHM   Ellip      PA SAT
A10BMLZ_10s_b2x  397.27   32.86    0.00   2.764    0.12      52
                 450.86  304.80    3.36   2.638    0.16      81
                 346.71  200.91    1.29   2.546    0.18      66
                 269.40  106.75    4.57   2.860    0.14      28

  Average full width at half maximum (FWHM) of 2.7124
NOAO/IRAF V2.16 tatianecorrea@lenovo Sun 14:45:48 16-Feb-2020

          Image  Column    Line     Mag    FWHM   Ellip      PA SAT
A10BMLZ_10s_b2x  357.31  251.18    0.98   2.252    0.15      45
                 295.86  146.79    2.80   2.302    0.15      32
                 343.21  115.53    1.53   2.372    0.10      27
                 284.65  105.45    0.00   2.266    0.08      48
                 217.11  120.85    3.14   2.230    0.16     -51
                 154.67  136.60    0.21   2.302    0.09      32
                 169.69  189.78    2.70   2.198    0.19       7
                  37.07  103.93    2.33   2.344    0.06      18
                  10.82  228.18    1.19   2.168    0.11      64
                  13.96  256.42    1.95   2.118    0.12      32
                  27.95  254.11    1.80   2.186    0.10      69
                  23.96  411.35    2.45   2.270    0.08      11
                  32.91  449.46    3.82   2.258    0.16      70
                  27.76  471.82    3.32   2.206    0.10     -30
                 176.57  499.81    0.54   2.322    0.15      54
                 357.31  251.18    0.98   2.252    0.15      45
                 169.69  189.78    2.70   2.198    0.19       7
                 154.67  136.60    0.21   2.302    0.09      32

  Average full width at half maximum (FWHM) of 2.2717
NOAO/IRAF V2.16 tatianecorrea@lenovo Sun 14:48:23 16-Feb-2020

          Image  Column    Line     Mag    FWHM   Ellip      PA SAT
A10BMLZ_10s_b2x  477.93   31.31    0.26   2.462    0.09     -87
                 452.68  102.61    0.00   2.708    0.04     -49
                 418.82  134.76    0.13   2.668    0.02     -79
                 354.32  167.11    1.97   2.652    0.04      60
                 295.71  157.09    0.44   2.490    0.14      74
                 306.84  198.46    3.26   2.464    0.14      63
                 347.03  332.38    3.40   2.550    0.17      33
                 451.12  366.45    2.79   2.506    0.19      50
                 327.64  465.77    0.64   2.620    0.07      53
                 165.67  188.28    0.65   2.572    0.10      73
                 104.41   28.50    0.38   2.622    0.11     -86
                 295.71  157.09    0.44   2.490    0.14      74
                 306.84  198.46    3.26   2.464    0.14      63
                 354.32  167.11    1.97   2.652    0.04      60
                 347.03  332.38    3.40   2.550    0.17      33

  Average full width at half maximum (FWHM) of 2.5871
