NOAO/IRAF V2.16 tatianecorrea@lenovo Sun 19:41:48 09-Feb-2020

          Image  Column    Line     Mag    FWHM   Ellip      PA SAT
2017BL3_70s_b2x  368.19  124.00    2.77   7.520    0.06     -78
                 368.11  123.98    2.59   7.516    0.15     -65
                 351.34  177.60    1.08   7.528    0.09     -32
                 341.77  337.95    1.08   7.444    0.09     -29
                 498.21  181.62    1.89   7.388    0.12       0
                 383.79  400.80    0.41   7.564    0.06     -61
                 443.52  512.00    0.00   7.820    0.06     -90
                 177.07  382.83    3.46   7.604    0.05     -42
                 169.56  472.19    2.60   7.600    0.06     -60
                  96.62  424.15    2.30   7.700    0.08     -24
                  61.19  384.16    2.86   7.764    0.05      62
                  42.23  249.80    2.80   7.832    0.08      -5
                  27.39   19.68    3.67   7.580    0.02      19
                 124.30  277.56    2.98   7.740    0.06       9

  Average full width at half maximum (FWHM) of 7.6334
NOAO/IRAF V2.16 tatianecorrea@lenovo Sun 19:43:14 09-Feb-2020

          Image  Column    Line     Mag    FWHM   Ellip      PA SAT
2017BL3_70s_b2x  371.74  118.45    2.46   7.684    0.14     -68
                 355.03  172.02    0.67   7.604    0.04     -12
                 387.51  395.24    0.00   7.764    0.07     -59
                 345.41  332.34    0.72   7.632    0.12     -29
                 182.52  278.45    3.69   7.700    0.06      76
                  46.10  244.17    2.29   7.924    0.06     -37
                 127.90  271.85    2.59   7.840    0.13     -13
                  64.71  378.65    2.66   7.828    0.04      43
                 100.38  418.67    1.95   7.964    0.03     -73
                 173.24  466.57    2.06   7.680    0.04      73

  Average full width at half maximum (FWHM) of 7.7237
NOAO/IRAF V2.16 tatianecorrea@lenovo Sun 19:44:39 09-Feb-2020

          Image  Column    Line     Mag    FWHM   Ellip      PA SAT
2017BL3_70s_b2x  376.16  113.39    2.20   7.800    0.07     -69
                 359.42  166.87    0.68   7.752    0.03      -6
                 391.75  390.00    0.00   7.736    0.06     -44
                 234.72  277.78    3.59   7.688    0.04     -47
                 187.62  271.53    3.67   7.452    0.13     -36
                 184.93  372.15    2.82   7.892    0.12     -67
                 177.56  461.39    2.10   7.896    0.10     -82
                 104.51  413.42    2.01   7.912    0.09      67
                  68.80  373.55    2.84   7.944    0.08      41
                  29.27  288.91    3.67   7.624    0.15      58
                  50.20  238.97    2.25   8.119    0.03      69
                 132.44  266.71    2.85   7.928    0.09     -12

  Average full width at half maximum (FWHM) of 7.7943
NOAO/IRAF V2.16 tatianecorrea@lenovo Sun 19:45:53 09-Feb-2020

          Image  Column    Line     Mag    FWHM   Ellip      PA SAT
2017BL3_70s_b2x  379.54  107.81    2.32   7.784    0.09     -68
                 362.73  161.41    0.69   7.716    0.02      77
                 395.15  384.58    0.00   7.808    0.03     -34
                 353.08  321.73    0.73   7.692    0.17     -33
                 238.04  272.27    3.32   7.924    0.05     -26
                 135.90  261.22    2.69   7.908    0.04       4
                 188.42  366.68    3.14   7.972    0.13      84
                 181.02  455.89    1.99   7.844    0.05      72
                 108.00  407.89    1.89   7.952    0.05     -46
                  72.41  368.07    2.65   7.880    0.05      14
                  53.92  233.67    2.48   8.029    0.05      48
                 135.90  261.22    2.69   7.908    0.04       4

  Average full width at half maximum (FWHM) of 7.8011
NOAO/IRAF V2.16 tatianecorrea@lenovo Sun 19:46:54 09-Feb-2020

          Image  Column    Line     Mag    FWHM   Ellip      PA SAT
2017BL3_70s_b2x  383.89  102.52    2.33   7.928    0.11     -74
                 367.16  156.16    0.67   7.916    0.03     -79
                 357.53  316.46    0.75   7.888    0.18     -42
                 399.62  379.30    0.00   7.980    0.09     -34
                 192.56  361.26    2.80   7.968    0.04      76
                 185.23  450.60    2.14   8.129    0.05      73
                 112.45  402.59    1.82   8.309    0.07     -52
                  76.88  362.68    3.08   8.029    0.06     -16

  Average full width at half maximum (FWHM) of 7.9789
NOAO/IRAF V2.16 tatianecorrea@lenovo Sun 19:47:52 09-Feb-2020

          Image  Column    Line     Mag    FWHM   Ellip      PA SAT
2017BL3_70s_b2x  388.19   98.02    2.16   7.792    0.12     -68
                 371.37  151.69    0.69   7.772    0.03     -41
                 361.69  311.98    0.81   7.704    0.16     -49
                 403.71  374.80    0.00   7.820    0.08     -47
                 196.53  357.00    2.74   7.988    0.02      87
                 189.42  446.08    2.03   7.808    0.06      26
                 116.46  398.11    1.89   7.948    0.10      13
                  81.01  358.20    3.09   7.884    0.11     -40
                  62.25  223.62    2.19   8.139    0.12     -36

  Average full width at half maximum (FWHM) of 7.8182
