############## A10BMLZ 10/20/30/40/50/60/70

NOAO/IRAF V2.16 tatianecorrea@lenovo Thu 14:51:41 13-Feb-2020

          Image  Column    Line     Mag    FWHM   Ellip      PA SAT
A10BMLZ_10s_b2x  481.81   70.99    3.72   3.250    0.07      47
                 503.02  119.56    4.26   3.352    0.09      25
                 449.59  174.78    5.07   3.426    0.11      54
                 500.85  225.37    4.63   3.380    0.16     -39
                 469.89  271.43    2.97   3.440    0.02     -75
                 442.87  321.20    2.30   3.280    0.16     -49
                 441.64  407.32    1.41   3.488    0.06      88
                 441.65  407.31    1.41   3.484    0.06      87
                 413.45  483.02    0.00   3.490    0.04      67
                 413.45  482.95    0.00   3.504    0.04      69
                 349.44  425.50    4.69   3.400    0.02      24
                 299.78  422.91    1.88   3.422    0.13      85
                 299.78  422.91    1.88   3.422    0.13      85
                 400.87  303.81    0.55   3.314    0.04     -76
                 358.17  319.09    4.00   3.526    0.18      65
                 320.08  218.45    3.36   3.458    0.13      88
                 383.65  172.60    3.40   3.290    0.10     -79
                 352.18  130.76    2.10   3.352    0.05     -72
                 303.13  108.56    3.04   3.310    0.17     -51
                 322.86   83.63    3.69   3.246    0.16     -56
                 322.86   83.63    3.69   3.246    0.16     -56
                 303.93   45.64    2.68   3.192    0.08     -52
                 255.20   20.13    1.70   3.226    0.13     -75
                 202.90   20.94    0.62   3.252    0.05     -59
                  93.91   30.63    2.48   3.298    0.09     -71
                  39.98  258.90    3.76   3.436    0.05      74
                 290.86  489.96    4.55   3.622    0.07     -38
                 299.78  422.91    1.88   3.422    0.13      85
                 257.49  295.85    1.41   3.360    0.10     -77
                 285.48  300.48    1.11   3.456    0.11     -74
                 358.17  319.09    4.00   3.526    0.18      65
                 320.08  218.45    3.36   3.458    0.13      88
                 247.50  214.91    2.55   3.370    0.08     -83
                 303.13  108.56    3.04   3.310    0.17     -51
                 400.87  303.81    0.55   3.314    0.04     -76
                 358.17  319.09    4.00   3.526    0.18      65

  Average full width at half maximum (FWHM) of 3.3966
NOAO/IRAF V2.16 tatianecorrea@lenovo Sat 18:03:07 15-Feb-2020

          Image  Column    Line     Mag    FWHM   Ellip      PA SAT
A10BMLZ_10s_b2x  491.06   36.96    2.87   3.022    0.12     -18
                 497.76   51.21    3.51   3.074    0.13     -37
                 273.40  116.80    2.99   2.882    0.03     -18
                 273.40  116.80    2.99   2.882    0.03     -18
                 322.38  139.00    2.10   2.884    0.10     -74
                 473.13  127.75    4.32   2.970    0.09      26
                 491.06   36.96    2.87   3.022    0.12     -18
                 451.67  206.37    5.30   2.898    0.09     -79
                 371.05  312.30    0.55   2.860    0.03      13
                 412.93  329.50    2.31   2.940    0.09      -9
                 487.89  454.03    3.71   2.900    0.17      16
                 411.77  415.63    1.40   2.966    0.08      46
                 487.89  454.03    3.71   2.900    0.17      16
                 383.50  491.37    0.00   2.990    0.07      47
                 269.66  431.34    1.89   2.872    0.01      56
                 267.75  398.00    4.65   2.894    0.14      53
                 267.75  398.00    4.65   2.894    0.14      53
                 255.66  309.02    1.11   2.824    0.02      67
                 227.66  304.42    1.39   2.710    0.00     -72
                 241.70  269.47    0.31   2.876    0.03      89
                 217.78  223.29    2.54   2.860    0.08     -81
                 135.91  331.37    2.70   2.654    0.07     -38
                 111.12  450.72    3.61   2.824    0.08     -71
                 145.34  451.25    2.20   2.980    0.02     -52
                 145.34  451.27    2.20   2.974    0.04     -73
                  11.64  377.68    2.54   2.778    0.08     -56
                  64.14   39.00    2.41   2.854    0.10     -19
                  25.74    9.15    2.06   2.900    0.12      -7

  Average full width at half maximum (FWHM) of 2.8966
NOAO/IRAF V2.16 tatianecorrea@lenovo Sat 18:10:52 15-Feb-2020

          Image  Column    Line     Mag    FWHM   Ellip      PA SAT
A10BMLZ_10s_b2x  460.15   44.32    2.87   3.132    0.05      32
                 457.08  461.79    3.63   3.210    0.04      29
                 406.64  471.94    5.21   3.154    0.16      32
                 412.89  435.14    5.42   3.114    0.14     -24
                 380.99  423.84    1.44   3.328    0.14     -88
                 380.99  423.25    1.43   3.276    0.06     -86
                 382.27  337.13    2.31   3.048    0.08     -66
                 409.16  287.30    2.94   3.356    0.06     -87
                 340.21  319.69    0.57   3.016    0.04      86
                 340.21  319.69    0.57   3.016    0.04      86
                 352.79  499.15    0.00   3.334    0.06      61
                  80.43  458.47    3.59   3.120    0.12     -42
                 114.63  458.94    2.19   3.070    0.11     -78
                 114.67  458.94    2.21   3.046    0.12     -82
                 105.23  338.69    2.67   3.190    0.06     -77
                 239.01  439.06    1.90   3.246    0.13     -84
                 196.91  311.66    1.40   3.120    0.10     -53
                 224.85  316.16    1.11   3.238    0.04     -47
                 211.05  277.03    0.33   3.238    0.02     -86
                 340.21  319.69    0.57   3.016    0.04      86
                 259.55  233.97    3.32   3.218    0.02     -60
                  61.16  239.80    4.56   3.362    0.10     -29
                  33.65   46.52    2.42   3.064    0.06     -18
                 259.55  233.97    3.32   3.218    0.02     -60
                 409.16  287.30    2.94   3.356    0.06     -87

  Average full width at half maximum (FWHM) of 3.1720
NOAO/IRAF V2.16 tatianecorrea@lenovo Sat 18:18:01 15-Feb-2020

          Image  Column    Line     Mag    FWHM   Ellip      PA SAT
A10BMLZ_10s_b2x  463.80   20.26    2.99   3.510    0.08      19
                 429.89   53.46    2.59   3.430    0.15      36
                 436.61   67.69    3.20   3.356    0.11      53
                 390.79   95.63    3.33   3.562    0.12     -14
                 213.07   70.58    2.34   3.584    0.09       7
                 231.92  108.29    3.22   3.542    0.08     -84
                 261.43  155.54    1.77   3.476    0.05     -68
                 156.52  239.78    2.21   3.662    0.09     -58
                  74.81   35.21    2.76   3.724    0.06     -50
                 112.09   46.04    0.28   3.678    0.12     -31
                  49.80  467.54    3.19   3.360    0.15     -58
                  84.07  468.03    1.88   3.280    0.14     -61
                  84.07  468.03    1.88   3.282    0.13     -64
                 410.90  494.03    4.23   3.378    0.13      41
                 350.65  432.24    1.08   3.486    0.03       6
                 350.64  432.25    1.08   3.480    0.03      15
                 208.63  448.22    1.56   3.418    0.04     -65
                 206.60  414.93    4.49   3.476    0.10     -63
                 166.59  321.20    1.06   3.398    0.03     -78
                 194.54  325.74    0.78   3.590    0.08     -70
                 180.73  286.35    0.00   3.538    0.04     -64
                 267.27  344.40    3.66   3.352    0.03      37
                 350.64  432.25    1.08   3.480    0.03      15
                 350.65  432.24    1.08   3.486    0.03       6

  Average full width at half maximum (FWHM) of 3.5140
NOAO/IRAF V2.16 tatianecorrea@lenovo Sat 18:20:27 15-Feb-2020

          Image  Column    Line     Mag    FWHM   Ellip      PA SAT
A10BMLZ_10s_b2x  471.14   11.35    0.52   3.058    0.09      80
                 505.83  240.99    2.38   3.038    0.18      -2
                 447.89  232.78    4.04   3.204    0.19     -31
                 380.34  259.15    4.14   3.132    0.12      22
                 361.10  104.02    3.27   2.980    0.13      65
                 183.35   78.78    2.36   3.212    0.11      -1
                 134.68   53.29    1.39   3.138    0.03     -49
                  82.26   53.97    0.29   3.148    0.05     -22
                  44.91   43.01    2.73   3.182    0.11     -46
                 127.12  248.11    2.24   2.938    0.16     -69
                 151.25  294.52    0.00   3.102    0.09     -80
                 165.12  333.89    0.79   3.018    0.07     -77
                 129.37  362.94    4.20   3.040    0.11     -31
                  45.22  356.19    2.36   2.904    0.21     -66
                  54.60  476.27    1.85   3.044    0.11     -60
                 179.12  456.35    1.56   3.170    0.08     -68
                 228.81  458.95    4.57   3.306    0.12     -86
                 321.11  440.46    1.08   3.254    0.12     -80
                 321.12  440.45    1.08   3.258    0.12     -82
                 397.06  478.73    3.40   3.366    0.12       0
                 349.27  304.82    2.63   3.118    0.16      82

  Average full width at half maximum (FWHM) of 3.1172
NOAO/IRAF V2.16 tatianecorrea@lenovo Sat 18:22:29 15-Feb-2020

          Image  Column    Line     Mag    FWHM   Ellip      PA SAT
A10BMLZ_10s_b2x  432.86  146.52    3.28   2.922    0.10     -62
                 483.38  166.79    1.09   2.998    0.05     -51
                 475.92  249.18    2.43   3.030    0.12      67
                 498.39  239.51    4.94   2.980    0.19     -72
                 417.78  240.72    4.13   3.044    0.08       7
                 250.38  345.43    0.23   2.812    0.09     -73
                 292.33  362.84    1.97   2.880    0.13     -78
                 291.11  448.75    1.09   3.000    0.09      79
                 367.14  487.08    3.33   2.974    0.02     -70
                 250.38  345.43    0.23   2.812    0.09     -73
                 201.82  171.96    1.80   2.886    0.20     -66
                 121.16  302.62    0.00   3.078    0.05     -69
                  97.13  256.18    2.23   3.122    0.09     -65
                  97.13  256.18    2.23   3.122    0.09     -65
                  15.15  364.40    2.39   2.988    0.13     -49
                  24.56  484.34    1.87   3.020    0.13     -71
                  97.13  256.18    2.23   3.122    0.09     -65
                 169.65  259.82    3.07   3.092    0.17     -73
                 169.65  259.82    3.07   3.092    0.17     -73
                 201.82  171.96    1.80   2.886    0.20     -66

  Average full width at half maximum (FWHM) of 2.9532
NOAO/IRAF V2.16 tatianecorrea@lenovo Sat 18:25:14 15-Feb-2020

          Image  Column    Line     Mag    FWHM   Ellip      PA SAT
A10BMLZ_10s_b2x  411.76   28.37    0.50   3.002    0.10      85
                 374.73   45.46    3.04   2.844    0.13      87
                 427.79  119.14    3.62   2.866    0.05      70
                 453.95  175.41    1.09   2.962    0.13      72
                 446.35  257.75    2.42   2.972    0.12      75
                 327.74  393.57    4.62   3.108    0.12     -47
                 262.88  371.21    1.98   3.016    0.16      74
                 261.57  457.20    1.09   3.140    0.15      79
                  69.80  379.48    4.11   2.990    0.07     -83
                  77.38  345.83    1.10   2.874    0.17      77
                 105.38  350.42    0.78   3.090    0.18      73
                  91.59  311.05    0.00   3.136    0.16      75
                  91.59  311.05    0.00   3.136    0.16      75
                  91.59  311.05    0.00   3.136    0.16      75
                 133.38  224.49    4.19   2.908    0.19      37
                 172.23  180.32    1.77   3.044    0.13      83
                 142.94  133.29    3.31   2.898    0.16      46
                 124.00   95.49    2.34   2.758    0.04      39
                  75.35   70.04    1.39   2.696    0.11      88
                  22.92   70.70    0.28   2.832    0.09      75
                  22.91   70.72    0.28   2.816    0.10      76
                 243.35   39.18    3.67   2.858    0.18     -60
                 342.66   12.94    4.13   3.088    0.14       6
                 342.66   12.94    4.13   3.088    0.14       6
                 411.76   28.37    0.50   3.002    0.10      85
                 411.76   28.37    0.50   3.002    0.10      85
                 374.73   45.46    3.04   2.844    0.13      87
                 388.32  249.38    3.99   3.004    0.20      76
                 446.35  257.75    2.42   2.972    0.12      75
                 446.35  257.75    2.42   2.972    0.12      75

  Average full width at half maximum (FWHM) of 3.0038
