############################ 2003YE45 60/120/180
NOAO/IRAF V2.16 tatianecorrea@lenovo Sun 14:22:54 16-Feb-2020

          Image  Column    Line     Mag    FWHM   Ellip      PA SAT
2003YE45_50s_b2  388.48  156.84    2.44   1.718    0.10      60
                 359.99  472.53    1.47   1.668    0.06      28
                 173.10  124.24    0.71   1.558    0.16      58
                 180.88   98.36    2.43   1.630    0.06      52
                  22.36   63.12    0.92   1.592    0.03      81
                  89.70  260.76    0.00   1.644    0.10      63
                  90.39  302.85    1.25   1.619    0.09      50
                 121.66  443.03    1.89   1.661    0.10      61
                 187.03  384.27    1.71   1.557    0.16      55
                 191.66  310.61    0.21   1.686    0.09      73
                  89.70  260.76    0.00   1.644    0.10      63
                  90.39  302.85    1.25   1.619    0.09      50
                  40.53  194.34    0.36   1.729    0.15      81
                  22.36   63.12    0.92   1.592    0.03      81

  Average full width at half maximum (FWHM) of 1.6422
NOAO/IRAF V2.16 tatianecorrea@lenovo Sun 14:26:52 16-Feb-2020

          Image  Column    Line     Mag    FWHM   Ellip      PA SAT
2003YE45_50s_b2  323.85   18.74    0.82   2.130    0.08       0
                 374.28   80.43    1.18   2.162    0.05     -18
                 412.96  186.66    1.63   2.126    0.19      -2
                 489.39  110.18    2.20   2.098    0.17      11
                 323.48  429.35    0.00   2.260    0.05      -7
                 354.59  365.68    1.16   2.242    0.04     -10
                 280.63  297.87    1.96   2.142    0.11     -83
                 265.41  434.53    1.23   2.234    0.08       0
                 269.52  360.26    2.18   2.204    0.14      14
                 280.63  297.87    1.96   2.142    0.11     -83
                 203.27  282.57    2.15   2.194    0.02      -1
                 323.85   18.74    0.82   2.130    0.08       0
                 374.28   80.43    1.18   2.162    0.05     -18
                 489.39  110.18    2.20   2.098    0.17      11
                 203.27  282.57    2.15   2.194    0.02      -1
                 280.63  297.87    1.96   2.142    0.11     -83

  Average full width at half maximum (FWHM) of 2.1831
NOAO/IRAF V2.16 tatianecorrea@lenovo Sun 14:29:24 16-Feb-2020

          Image  Column    Line     Mag    FWHM   Ellip      PA SAT
2003YE45_50s_b2  351.85   23.20    0.83   2.272    0.10     -19
                 376.80   49.78    1.57   2.330    0.10      -8
                 402.17   85.02    1.19   2.280    0.08      -5
                 440.70  191.32    1.64   2.366    0.15     -10
                 429.36  458.12    2.32   2.308    0.08      62
                 351.05  434.02    0.00   2.294    0.10      -1
                 382.20  370.34    1.13   2.354    0.18      -8
                 337.05  321.10    0.80   2.232    0.21     -63
                 308.31  302.40    1.94   2.380    0.12       3
                 309.31  276.46    2.90   2.402    0.27     -25
                 225.41  254.44    2.34   2.392    0.13      49
                 230.89  286.96    2.18   2.322    0.21      -7
                 142.84   41.13    3.18   2.268    0.20     -82
                  97.18  169.64    2.43   2.414    0.15     -30
                 128.71  160.32    2.75   2.406    0.19      -2
                  28.70  303.28    2.30   2.354    0.24     -54
                  14.38  251.12    2.78   2.446    0.26      17
                  14.38  251.12    2.78   2.446    0.26      17
                 293.05  439.06    1.23   2.260    0.16     -11
                 351.05  434.02    0.00   2.294    0.10      -1
                 293.89  415.65    3.08   2.360    0.19      51
                 297.13  364.87    2.14   2.210    0.10     -54
                 429.36  458.12    2.32   2.308    0.08      62
                 382.20  370.34    1.13   2.354    0.18      -8

  Average full width at half maximum (FWHM) of 2.3093
