############### 2003CP20 5/10/15/20/25/30/35
NOAO/IRAF V2.16 tatianecorrea@lenovo Thu 13:59:21 13-Feb-2020

          Image  Column    Line     Mag    FWHM   Ellip      PA SAT
2003CP20_90s_b2  441.24   22.57    1.19   3.528    0.04      73
                 367.94   46.05    1.94   3.640    0.14     -15
                 321.41  145.29    2.03   3.588    0.03       5
                 247.21  136.21    2.26   3.586    0.14     -69
                 106.44  455.34    0.00   3.512    0.09     -79
                 218.88  499.55    2.12   3.600    0.12      69
                 469.43  458.64    2.19   3.680    0.12     -79
                 379.41  363.49    0.33   3.712    0.10     -83
                 379.41  363.49    0.33   3.712    0.10     -83
                 345.47  352.66    2.38   3.650    0.11     -72
                 469.43  458.64    2.19   3.680    0.12     -79
                 321.41  145.29    2.03   3.588    0.03       5

  Average full width at half maximum (FWHM) of 3.6208
NOAO/IRAF V2.16 tatianecorrea@lenovo Thu 14:02:46 13-Feb-2020

          Image  Column    Line     Mag    FWHM   Ellip      PA SAT
2003CP20_90s_b2  478.05   20.08    2.00   3.568    0.12     -65
                 416.24   32.63    1.80   3.526    0.14      60
                 428.40  318.26    2.85   3.724    0.10     -67
                 459.04  367.80    1.00   3.756    0.04      87
                 453.08  487.40    1.15   3.750    0.12     -74
                 282.00  437.28    0.00   3.678    0.12     -78
                 248.02  426.38    1.97   3.654    0.09     -17
                  16.94  328.51    3.30   3.594    0.10     -47
                 135.99  319.12    3.05   3.742    0.04     -30
                 149.97  209.91    2.00   3.572    0.02      48
                 224.17  218.97    1.68   3.574    0.11     -57
                 262.58  313.50    2.88   3.732    0.12      31
                 248.02  426.38    1.97   3.654    0.09     -17
                 282.00  437.28    0.00   3.678    0.12     -78
                 453.08  487.40    1.15   3.750    0.12     -74
                 459.04  367.80    1.00   3.756    0.04      87
                 428.40  318.26    2.85   3.724    0.10     -67
                 478.05   20.08    2.00   3.568    0.12     -65
                 416.24   32.63    1.80   3.526    0.14      60
                  16.94  328.51    3.30   3.594    0.10     -47
                 149.97  209.91    2.00   3.572    0.02      48

  Average full width at half maximum (FWHM) of 3.6711
NOAO/IRAF V2.16 tatianecorrea@lenovo Thu 14:05:48 13-Feb-2020

          Image  Column    Line     Mag    FWHM   Ellip      PA SAT
2003CP20_90s_b2  453.81   99.11    4.22   4.444    0.13      23
                 467.64  200.84    0.00   4.532    0.11     -56
                 466.57  357.87    1.81   4.456    0.15     -59
                 329.66  130.52    1.00   4.528    0.05      -2
                 254.45  178.11    3.21   4.448    0.05     -53
                  89.67   95.81    4.41   4.320    0.05      -6
                 254.45  178.11    3.21   4.448    0.05     -53
                 270.17  362.52    4.06   4.452    0.07       6

  Average full width at half maximum (FWHM) of 4.5140
NOAO/IRAF V2.16 tatianecorrea@lenovo Thu 14:10:31 13-Feb-2020

          Image  Column    Line     Mag    FWHM   Ellip      PA SAT
2003CP20_90s_b2  431.88   14.20    2.66   4.412    0.12     -59
                 446.35   55.04    3.76   4.348    0.08      80
                 461.12   90.99    4.22   4.188    0.08      20
                 305.26   50.27    4.13   4.652    0.01     -13
                 286.17  101.45    2.41   4.384    0.10     -33
                 252.85   77.46    3.83   4.368    0.11     -52
                 184.66   56.94    3.92   4.728    0.10      77
                 121.80  182.40    3.11   4.392    0.13     -19
                 165.43  191.38    2.81   4.240    0.04     -83
                  12.14  213.27    3.33   4.600    0.03     -63
                 239.68  200.58    2.53   4.356    0.18     -80
                 262.37  169.66    3.29   4.460    0.06     -76
                 286.17  101.45    2.41   4.384    0.10     -33
                 305.26   50.27    4.13   4.652    0.01     -13
                 337.64  122.01    0.86   4.764    0.03       0
                 381.97  159.00    4.10   4.528    0.16     -62
                 381.88  159.07    4.06   4.492    0.14     -65
                 330.98  162.75    3.50   4.332    0.09      -3
                 475.63  192.36    0.00   4.616    0.10     -58
                 461.12   90.99    4.22   4.188    0.08      20
                 446.35   55.04    3.76   4.348    0.08      80
                 431.88   14.20    2.66   4.412    0.12     -59
                 475.63  192.36    0.00   4.616    0.10     -58
                 443.62  263.68    3.25   4.440    0.10     -43
                 444.23  299.75    3.43   4.612    0.10      70
                 444.23  299.75    3.43   4.612    0.10      70
                 474.58  349.43    1.81   4.512    0.05     -54
                 468.54  469.01    1.96   4.432    0.09     -70
                 297.52  418.87    0.79   4.512    0.14     -58
                 263.62  407.96    2.76   4.464    0.05      30
                 235.43  407.55    3.99   4.368    0.01     -85
                 277.86  295.29    3.56   4.348    0.01      64
                 164.36  358.33    3.77   4.692    0.07     -79
                 151.62  300.79    3.83   4.312    0.03     -66
                  32.27  309.92    3.79   4.436    0.04      68
                  78.40  396.45    2.24   4.320    0.14     -47

  Average full width at half maximum (FWHM) of 4.5467
NOAO/IRAF V2.16 tatianecorrea@lenovo Thu 14:12:55 13-Feb-2020

          Image  Column    Line     Mag    FWHM   Ellip      PA SAT
2003CP20_90s_b2  480.19  189.02    0.00   5.124    0.04     -55
                 448.51  296.63    3.27   4.916    0.13     -78
                 479.14  346.08    1.76   5.092    0.09     -49
                 473.18  465.75    1.97   5.044    0.10     -89
                 302.13  415.52    0.79   4.928    0.07     -29
                 302.13  415.52    0.79   4.928    0.07     -29
                 268.13  404.70    2.73   4.948    0.12      33
                 282.50  291.65    3.66   4.912    0.05     -64
                 244.22  197.22    2.46   4.828    0.04      71
                 342.17  118.61    0.84   5.056    0.01      24
                 364.00   74.68    1.63   4.844    0.09     -73
                 169.95  188.10    2.81   4.900    0.10     -80
                 126.34  178.99    2.85   4.892    0.03      -1
                 126.34  178.99    2.85   4.892    0.03      -1
                  16.19  210.25    3.29   4.888    0.08     -56
                  37.28  306.71    3.95   4.952    0.14     -12
                 155.91  297.49    3.43   5.096    0.01       9

  Average full width at half maximum (FWHM) of 5.0047
