############## GD108 8/16/24
NOAO/IRAF V2.16 tatianecorrea@lenovo Sun 14:50:03 16-Feb-2020

          Image  Column    Line     Mag    FWHM   Ellip      PA SAT
GD108_15s_b2x2-  457.67    8.16    0.00   2.238    0.14       3
                 485.94  354.91    0.44   2.358    0.08      -3
                 159.68  254.23    0.01   2.516    0.11     -19
                 309.84  255.03    0.24   2.370    0.06     -47
                 170.75  136.16    1.91   2.420    0.21      57

  Average full width at half maximum (FWHM) of 2.3736
NOAO/IRAF V2.16 tatianecorrea@lenovo Sun 14:51:40 16-Feb-2020

          Image  Column    Line     Mag    FWHM   Ellip      PA SAT
GD108_15s_b2x2-  483.54  325.74    0.44   4.456    0.02     -29
                 483.54  325.74    0.44   4.456    0.02     -29
                 472.87  231.57    2.72   4.580    0.05      31
                 472.87  231.57    2.72   4.580    0.05      31
                 441.13  253.78    3.50   4.520    0.03       1
                 350.38  333.50    3.05   4.244    0.12      28
                 308.02  224.97    0.21   4.288    0.10     -23
                 343.38  201.96    3.16   4.340    0.03     -60
                 211.49   39.38    1.17   4.088    0.08     -29
                 169.51  105.47    1.97   4.344    0.04      13
                 169.48  105.48    1.95   4.300    0.06     -48
                 157.75  223.44    0.00   4.344    0.06     -32
                  56.74  134.81    2.64   4.440    0.17      44
                 226.54  457.93    2.94   4.440    0.02     -73
                 229.58  503.44    2.75   4.548    0.02     -27

  Average full width at half maximum (FWHM) of 4.3623
NOAO/IRAF V2.16 tatianecorrea@lenovo Sun 14:52:57 16-Feb-2020

          Image  Column    Line     Mag    FWHM   Ellip      PA SAT
GD108_15s_b2x2-  482.43  317.71    0.45   2.382    0.17     -39
                 307.03  216.71    0.23   2.418    0.15     -33
                 156.77  214.99    0.00   2.454    0.16     -35
                 307.03  216.71    0.23   2.418    0.15     -33
                 210.77   30.95    1.17   2.406    0.16     -30
                 168.61   97.07    1.96   2.404    0.13     -45
                  55.36  125.77    2.93   2.296    0.10       1
                 156.77  214.99    0.00   2.454    0.16     -35
                 156.77  214.99    0.00   2.454    0.16     -35

  Average full width at half maximum (FWHM) of 2.4300
